1234
1243
1324
1342
1423
1432
}6

2134
2314
2431
}3

3124
3214
3241
}3

4132
4213
4231
}3


===


12345
12354
12435
12453
12534
12543
13245
13254
13425
13452
13524
13542
14235
14253
14325
14352
14523
14532
15234
15243
15324
15342
15423
15432
} 24

21345             1345
21354             1354
21435             1435
21543             1543
23145             3145
23415             3415
23541             3541
24135             4135
24315             4315
24351             4351
25143             5143
25314             5314
25341             5341
} 13

31245
31425
31542
32145
32154
32415
32451
32514
32541
34125
34215
35142
35241
} 13

41235
41325
41352
42135
42153
42315
42351
42513
42531
43125
43215
45312
45321
} 13

51243
51324
51342
52134
52143
52314
52341
52413
52431
53142
53241
54312
54321
} 13


===


123456
123465
123546
123564
123645
123654
124356
124365
124536
124563
124635
124653
125346
125364
125436
125463
125634
125643
126345
126354
126435
126453
126534
126543
132456
132465
132546
132564
132645
132654
134256
134265
134526
134562
134625
134652
135246
135264
135426
135462
135624
135642
136245
136254
136425
136452
136524
136542
142356
142365
142536
142563
142635
142653
143256
143265
143526
143562
143625
143652
145236
145263
145326
145362
145623
145632
146235
146253
146325
146352
146523
146532
152346
152364
152436
152463
152634
152643
153246
153264
153426
153462
153624
153642
154236
154263
154326
154362
154623
154632
156234
156243
156324
156342
156423
156432
162345
162354
162435
162453
162534
162543
163245
163254
163425
163452
163524
163542
164235
164253
164325
164352
164523
164532
165234
165243
165324
165342
165423
165432
} 120

213456             13456
213465             13465
213546             13546
213564             13564
213645             13645
213654             13654
214356             14356
214536             14536
214653             14653
215346             15346
215436             15436
215463             15463
216354             16354
216435             16435
216453             16453
231456             31456
231465             31465
231546             31546
231654             31654
234156             34156
234516             34516
234651             34651
235146             35146
235416             35416
235461             35461
236154             36154
236415             36415
236451             36451
241356             41356
241536             41536
241653             41653
243156             43156
243165             43165
243516             43516
243561             43561
243615             43615
243651             43651
245136             45136
245316             45316
246153             46153
246351             46351
251346             51346
251436             51436
251463             51463
253146             53146
253164             53164
253416             53416
253461             53461
253614             53614
253641             53641
254136             54136
254316             54316
256413             56413
256431             56431
261354             61354
261435             61435
261453             61453
263145             63145
263154             63154
263415             63415
263451             63451
263514             63514
263541             63541
264153             64153
264351             64351
265413             65413
265431             65431
} 67

312456
312465
312546
312654
314256
314526
314652
315246
315426
315462
316254
316425
316452
321456
321465
321546
321564
321645
321654
324156
324165
324516
324561
324615
324651
325146
325164
325416
325461
325614
325641
326145
326154
326415
326451
326514
326541
341256
341526
341652
342156
342516
342651
345126
345216
346152
346251
351246
351426
351462
352146
352416
352461
354126
354216
356412
356421
361254
361425
361452
362154
362415
362451
364152
364251
365412
365421
} 67

412356
412536
412653
413256
413265
413526
413562
413625
413652
415236
415326
416253
416352
421356
421365
421536
421563
421635
421653
423156
423165
423516
423561
423615
423651
425136
425163
425316
425361
425613
425631
426135
426153
426315
426351
426513
426531
431256
431526
431652
432156
432516
432651
435126
435216
436152
436251
451236
451326
452136
452316
453126
453162
453216
453261
453612
453621
461253
461352
462153
462351
463125
463152
463215
463251
463512
463521
} 67

512346
512436
512463
513246
513264
513426
513462
513624
513642
514236
514326
516423
516432
521346
521364
521436
521463
521634
521643
523146
523164
523416
523461
523614
523641
524136
524163
524316
524361
524613
524631
526134
526143
526314
526341
526413
526431
531246
531426
531462
532146
532416
532461
534126
534216
536412
536421
541236
541326
542136
542316
543126
543162
543216
543261
543612
543621
561423
561432
562413
562431
563124
563142
563214
563241
563412
563421
} 67

612354
612435
612453
613245
613254
613425
613452
613524
613542
614253
614352
615423
615432
621345
621354
621435
621453
621534
621543
623145
623154
623415
623451
623514
623541
624135
624153
624315
624351
624513
624531
625134
625143
625314
625341
625413
625431
631254
631425
631452
632154
632415
632451
634152
634251
635412
635421
641253
641352
642153
642351
643125
643152
643215
643251
643512
643521
651423
651432
652413
652431
653124
653142
653214
653241
653412
653421
} 67

===
411
1234567
1234576
1234657
1234675
1234756
1234765
1235467
1235476
1235647
1235674
1235746
1235764
1236457
1236475
1236547
1236574
1236745
1236754
1237456
1237465
1237546
1237564
1237645
1237654
1243567
1243576
1243657
1243675
1243756
1243765
1245367
1245376
1245637
1245673
1245736
1245763
1246357
1246375
1246537
1246573
1246735
1246753
1247356
1247365
1247536
1247563
1247635
1247653
1253467
1253476
1253647
1253674
1253746
1253764
1254367
1254376
1254637
1254673
1254736
1254763
1256347
1256374
1256437
1256473
1256734
1256743
1257346
1257364
1257436
1257463
1257634
1257643
1263457
1263475
1263547
1263574
1263745
1263754
1264357
1264375
1264537
1264573
1264735
1264753
1265347
1265374
1265437
1265473
1265734
1265743
1267345
1267354
1267435
1267453
1267534
1267543
1273456
1273465
1273546
1273564
1273645
1273654
1274356
1274365
1274536
1274563
1274635
1274653
1275346
1275364
1275436
1275463
1275634
1275643
1276345
1276354
1276435
1276453
1276534
1276543
1324567
1324576
1324657
1324675
1324756
1324765
1325467
1325476
1325647
1325674
1325746
1325764
1326457
1326475
1326547
1326574
1326745
1326754
1327456
1327465
1327546
1327564
1327645
1327654
1342567
1342576
1342657
1342675
1342756
1342765
1345267
1345276
1345627
1345672
1345726
1345762
1346257
1346275
1346527
1346572
1346725
1346752
1347256
1347265
1347526
1347562
1347625
1347652
1352467
1352476
1352647
1352674
1352746
1352764
1354267
1354276
1354627
1354672
1354726
1354762
1356247
1356274
1356427
1356472
1356724
1356742
1357246
1357264
1357426
1357462
1357624
1357642
1362457
1362475
1362547
1362574
1362745
1362754
1364257
1364275
1364527
1364572
1364725
1364752
1365247
1365274
1365427
1365472
1365724
1365742
1367245
1367254
1367425
1367452
1367524
1367542
1372456
1372465
1372546
1372564
1372645
1372654
1374256
1374265
1374526
1374562
1374625
1374652
1375246
1375264
1375426
1375462
1375624
1375642
1376245
1376254
1376425
1376452
1376524
1376542
1423567
1423576
1423657
1423675
1423756
1423765
1425367
1425376
1425637
1425673
1425736
1425763
1426357
1426375
1426537
1426573
1426735
1426753
1427356
1427365
1427536
1427563
1427635
1427653
1432567
1432576
1432657
1432675
1432756
1432765
1435267
1435276
1435627
1435672
1435726
1435762
1436257
1436275
1436527
1436572
1436725
1436752
1437256
1437265
1437526
1437562
1437625
1437652
1452367
1452376
1452637
1452673
1452736
1452763
1453267
1453276
1453627
1453672
1453726
1453762
1456237
1456273
1456327
1456372
1456723
1456732
1457236
1457263
1457326
1457362
1457623
1457632
1462357
1462375
1462537
1462573
1462735
1462753
1463257
1463275
1463527
1463572
1463725
1463752
1465237
1465273
1465327
1465372
1465723
1465732
1467235
1467253
1467325
1467352
1467523
1467532
1472356
1472365
1472536
1472563
1472635
1472653
1473256
1473265
1473526
1473562
1473625
1473652
1475236
1475263
1475326
1475362
1475623
1475632
1476235
1476253
1476325
1476352
1476523
1476532
1523467
1523476
1523647
1523674
1523746
1523764
1524367
1524376
1524637
1524673
1524736
1524763
1526347
1526374
1526437
1526473
1526734
1526743
1527346
1527364
1527436
1527463
1527634
1527643
1532467
1532476
1532647
1532674
1532746
1532764
1534267
1534276
1534627
1534672
1534726
1534762
1536247
1536274
1536427
1536472
1536724
1536742
1537246
1537264
1537426
1537462
1537624
1537642
1542367
1542376
1542637
1542673
1542736
1542763
1543267
1543276
1543627
1543672
1543726
1543762
1546237
1546273
1546327
1546372
1546723
1546732
1547236
1547263
1547326
1547362
1547623
1547632
1562347
1562374
1562437
1562473
1562734
1562743
1563247
1563274
1563427
1563472
1563724
1563742
1564237
1564273
1564327
1564372
1564723
1564732
1567234
1567243
1567324
1567342
1567423
1567432
1572346
1572364
1572436
1572463
1572634
1572643
1573246
1573264
1573426
1573462
1573624
1573642
1574236
1574263
1574326
1574362
1574623
1574632
1576234
1576243
1576324
1576342
1576423
1576432
1623457
1623475
1623547
1623574
1623745
1623754
1624357
1624375
1624537
1624573
1624735
1624753
1625347
1625374
1625437
1625473
1625734
1625743
1627345
1627354
1627435
1627453
1627534
1627543
1632457
1632475
1632547
1632574
1632745
1632754
1634257
1634275
1634527
1634572
1634725
1634752
1635247
1635274
1635427
1635472
1635724
1635742
1637245
1637254
1637425
1637452
1637524
1637542
1642357
1642375
1642537
1642573
1642735
1642753
1643257
1643275
1643527
1643572
1643725
1643752
1645237
1645273
1645327
1645372
1645723
1645732
1647235
1647253
1647325
1647352
1647523
1647532
1652347
1652374
1652437
1652473
1652734
1652743
1653247
1653274
1653427
1653472
1653724
1653742
1654237
1654273
1654327
1654372
1654723
1654732
1657234
1657243
1657324
1657342
1657423
1657432
1672345
1672354
1672435
1672453
1672534
1672543
1673245
1673254
1673425
1673452
1673524
1673542
1674235
1674253
1674325
1674352
1674523
1674532
1675234
1675243
1675324
1675342
1675423
1675432
1723456
1723465
1723546
1723564
1723645
1723654
1724356
1724365
1724536
1724563
1724635
1724653
1725346
1725364
1725436
1725463
1725634
1725643
1726345
1726354
1726435
1726453
1726534
1726543
1732456
1732465
1732546
1732564
1732645
1732654
1734256
1734265
1734526
1734562
1734625
1734652
1735246
1735264
1735426
1735462
1735624
1735642
1736245
1736254
1736425
1736452
1736524
1736542
1742356
1742365
1742536
1742563
1742635
1742653
1743256
1743265
1743526
1743562
1743625
1743652
1745236
1745263
1745326
1745362
1745623
1745632
1746235
1746253
1746325
1746352
1746523
1746532
1752346
1752364
1752436
1752463
1752634
1752643
1753246
1753264
1753426
1753462
1753624
1753642
1754236
1754263
1754326
1754362
1754623
1754632
1756234
1756243
1756324
1756342
1756423
1756432
1762345
1762354
1762435
1762453
1762534
1762543
1763245
1763254
1763425
1763452
1763524
1763542
1764235
1764253
1764325
1764352
1764523
1764532
1765234
1765243
1765324
1765342
1765423
1765432
} 720

2134567
2134576
2134657
2134675
2134756
2134765
2135467
2135476
2135647
2135674
2135746
2135764
2136457
2136475
2136547
2136574
2136745
2136754
2137456
2137465
2137546
2137564
2137645
2137654
2143567
2143576
2143657
2143765
2145367
2145637
2145763
2146357
2146537
2146573
2147365
2147536
2147563
2153467
2153647
2153764
2154367
2154376
2154637
2154673
2154736
2154763
2156347
2156437
2157364
2157463
2163457
2163547
2163574
2164357
2164375
2164537
2164573
2164735
2164753
2165347
2165437
2167534
2167543
2173465
2173546
2173564
2174356
2174365
2174536
2174563
2174635
2174653
2175364
2175463
2176534
2176543
2314567
2314576
2314657
2314675
2314756
2314765
2315467
2315647
2315764
2316457
2316547
2316574
2317465
2317546
2317564
2341567
2341576
2341657
2341765
2345167
2345617
2345761
2346157
2346517
2346571
2347165
2347516
2347561
2351467
2351647
2351764
2354167
2354176
2354617
2354671
2354716
2354761
2356147
2356417
2357164
2357461
2361457
2361547
2361574
2364157
2364175
2364517
2364571
2364715
2364751
2365147
2365417
2367514
2367541
2371465
2371546
2371564
2374156
2374165
2374516
2374561
2374615
2374651
2375164
2375461
2376514
2376541
2413567
2413576
2413657
2413765
2415367
2415637
2415763
2416357
2416537
2416573
2417365
2417536
2417563
2431567
2431576
2431657
2431675
2431756
2431765
2435167
2435176
2435617
2435671
2435716
2435761
2436157
2436175
2436517
2436571
2436715
2436751
2437156
2437165
2437516
2437561
2437615
2437651
2451367
2451637
2451763
2453167
2453617
2453761
2456137
2456317
2457163
2457361
2461357
2461537
2461573
2463157
2463517
2463571
2465137
2465317
2467513
2467531
2471365
2471536
2471563
2473165
2473516
2473561
2475163
2475361
2476513
2476531
2513467
2513647
2513764
2514367
2514376
2514637
2514673
2514736
2514763
2516347
2516437
2517364
2517463
2531467
2531476
2531647
2531674
2531746
2531764
2534167
2534176
2534617
2534671
2534716
2534761
2536147
2536174
2536417
2536471
2536714
2536741
2537146
2537164
2537416
2537461
2537614
2537641
2541367
2541637
2541763
2543167
2543617
2543761
2546137
2546317
2547163
2547361
2561347
2561437
2563147
2563417
2564137
2564173
2564317
2564371
2564713
2564731
2571364
2571463
2573164
2573461
2574136
2574163
2574316
2574361
2574613
2574631
2613457
2613547
2613574
2614357
2614375
2614537
2614573
2614735
2614753
2615347
2615437
2617534
2617543
2631457
2631475
2631547
2631574
2631745
2631754
2634157
2634175
2634517
2634571
2634715
2634751
2635147
2635174
2635417
2635471
2635714
2635741
2637145
2637154
2637415
2637451
2637514
2637541
2641357
2641537
2641573
2643157
2643517
2643571
2645137
2645317
2647513
2647531
2651347
2651437
2653147
2653417
2654137
2654173
2654317
2654371
2654713
2654731
2671534
2671543
2673514
2673541
2674135
2674153
2674315
2674351
2674513
2674531
2713465
2713546
2713564
2714356
2714365
2714536
2714563
2714635
2714653
2715364
2715463
2716534
2716543
2731456
2731465
2731546
2731564
2731645
2731654
2734156
2734165
2734516
2734561
2734615
2734651
2735146
2735164
2735416
2735461
2735614
2735641
2736145
2736154
2736415
2736451
2736514
2736541
2741365
2741536
2741563
2743165
2743516
2743561
2745163
2745361
2746513
2746531
2751364
2751463
2753164
2753461
2754136
2754163
2754316
2754361
2754613
2754631
2761534
2761543
2763514
2763541
2764135
2764153
2764315
2764351
2764513
2764531
} 411

3124567
3124576
3124657
3124675
3124756
3124765
3125467
3125647
3125764
3126457
3126547
3126574
3127465
3127546
3127564
3142567
3142576
3142657
3142765
3145267
3145627
3145762
3146257
3146527
3146572
3147265
3147526
3147562
3152467
3152647
3152764
3154267
3154276
3154627
3154672
3154726
3154762
3156247
3156427
3157264
3157462
3162457
3162547
3162574
3164257
3164275
3164527
3164572
3164725
3164752
3165247
3165427
3167524
3167542
3172465
3172546
3172564
3174256
3174265
3174526
3174562
3174625
3174652
3175264
3175462
3176524
3176542
3214567
3214576
3214657
3214675
3214756
3214765
3215467
3215476
3215647
3215674
3215746
3215764
3216457
3216475
3216547
3216574
3216745
3216754
3217456
3217465
3217546
3217564
3217645
3217654
3241567
3241576
3241657
3241675
3241756
3241765
3245167
3245176
3245617
3245671
3245716
3245761
3246157
3246175
3246517
3246571
3246715
3246751
3247156
3247165
3247516
3247561
3247615
3247651
3251467
3251476
3251647
3251674
3251746
3251764
3254167
3254176
3254617
3254671
3254716
3254761
3256147
3256174
3256417
3256471
3256714
3256741
3257146
3257164
3257416
3257461
3257614
3257641
3261457
3261475
3261547
3261574
3261745
3261754
3264157
3264175
3264517
3264571
3264715
3264751
3265147
3265174
3265417
3265471
3265714
3265741
3267145
3267154
3267415
3267451
3267514
3267541
3271456
3271465
3271546
3271564
3271645
3271654
3274156
3274165
3274516
3274561
3274615
3274651
3275146
3275164
3275416
3275461
3275614
3275641
3276145
3276154
3276415
3276451
3276514
3276541
3412567
3412576
3412657
3412765
3415267
3415627
3415762
3416257
3416527
3416572
3417265
3417526
3417562
3421567
3421576
3421657
3421765
3425167
3425617
3425761
3426157
3426517
3426571
3427165
3427516
3427561
3451267
3451627
3451762
3452167
3452617
3452761
3456127
3456217
3457162
3457261
3461257
3461527
3461572
3462157
3462517
3462571
3465127
3465217
3467512
3467521
3471265
3471526
3471562
3472165
3472516
3472561
3475162
3475261
3476512
3476521
3512467
3512647
3512764
3514267
3514276
3514627
3514672
3514726
3514762
3516247
3516427
3517264
3517462
3521467
3521647
3521764
3524167
3524176
3524617
3524671
3524716
3524761
3526147
3526417
3527164
3527461
3541267
3541627
3541762
3542167
3542617
3542761
3546127
3546217
3547162
3547261
3561247
3561427
3562147
3562417
3564127
3564172
3564217
3564271
3564712
3564721
3571264
3571462
3572164
3572461
3574126
3574162
3574216
3574261
3574612
3574621
3612457
3612547
3612574
3614257
3614275
3614527
3614572
3614725
3614752
3615247
3615427
3617524
3617542
3621457
3621547
3621574
3624157
3624175
3624517
3624571
3624715
3624751
3625147
3625417
3627514
3627541
3641257
3641527
3641572
3642157
3642517
3642571
3645127
3645217
3647512
3647521
3651247
3651427
3652147
3652417
3654127
3654172
3654217
3654271
3654712
3654721
3671524
3671542
3672514
3672541
3674125
3674152
3674215
3674251
3674512
3674521
3712465
3712546
3712564
3714256
3714265
3714526
3714562
3714625
3714652
3715264
3715462
3716524
3716542
3721465
3721546
3721564
3724156
3724165
3724516
3724561
3724615
3724651
3725164
3725461
3726514
3726541
3741265
3741526
3741562
3742165
3742516
3742561
3745162
3745261
3746512
3746521
3751264
3751462
3752164
3752461
3754126
3754162
3754216
3754261
3754612
3754621
3761524
3761542
3762514
3762541
3764125
3764152
3764215
3764251
3764512
3764521
} 411

4123567
4123576
4123657
4123765
4125367
4125637
4125763
4126357
4126537
4126573
4127365
4127536
4127563
4132567
4132576
4132657
4132675
4132756
4132765
4135267
4135276
4135627
4135672
4135726
4135762
4136257
4136275
4136527
4136572
4136725
4136752
4137256
4137265
4137526
4137562
4137625
4137652
4152367
4152637
4152763
4153267
4153627
4153762
4156237
4156327
4157263
4157362
4162357
4162537
4162573
4163257
4163527
4163572
4165237
4165327
4167523
4167532
4172365
4172536
4172563
4173265
4173526
4173562
4175263
4175362
4176523
4176532
4213567
4213576
4213657
4213675
4213756
4213765
4215367
4215376
4215637
4215673
4215736
4215763
4216357
4216375
4216537
4216573
4216735
4216753
4217356
4217365
4217536
4217563
4217635
4217653
4231567
4231576
4231657
4231675
4231756
4231765
4235167
4235176
4235617
4235671
4235716
4235761
4236157
4236175
4236517
4236571
4236715
4236751
4237156
4237165
4237516
4237561
4237615
4237651
4251367
4251376
4251637
4251673
4251736
4251763
4253167
4253176
4253617
4253671
4253716
4253761
4256137
4256173
4256317
4256371
4256713
4256731
4257136
4257163
4257316
4257361
4257613
4257631
4261357
4261375
4261537
4261573
4261735
4261753
4263157
4263175
4263517
4263571
4263715
4263751
4265137
4265173
4265317
4265371
4265713
4265731
4267135
4267153
4267315
4267351
4267513
4267531
4271356
4271365
4271536
4271563
4271635
4271653
4273156
4273165
4273516
4273561
4273615
4273651
4275136
4275163
4275316
4275361
4275613
4275631
4276135
4276153
4276315
4276351
4276513
4276531
4312567
4312576
4312657
4312765
4315267
4315627
4315762
4316257
4316527
4316572
4317265
4317526
4317562
4321567
4321576
4321657
4321765
4325167
4325617
4325761
4326157
4326517
4326571
4327165
4327516
4327561
4351267
4351627
4351762
4352167
4352617
4352761
4356127
4356217
4357162
4357261
4361257
4361527
4361572
4362157
4362517
4362571
4365127
4365217
4367512
4367521
4371265
4371526
4371562
4372165
4372516
4372561
4375162
4375261
4376512
4376521
4512367
4512637
4512763
4513267
4513627
4513762
4516237
4516327
4517263
4517362
4521367
4521637
4521763
4523167
4523617
4523761
4526137
4526317
4527163
4527361
4531267
4531276
4531627
4531672
4531726
4531762
4532167
4532176
4532617
4532671
4532716
4532761
4536127
4536172
4536217
4536271
4536712
4536721
4537126
4537162
4537216
4537261
4537612
4537621
4561237
4561327
4562137
4562317
4563127
4563217
4571263
4571362
4572163
4572361
4573162
4573261
4612357
4612537
4612573
4613257
4613527
4613572
4615237
4615327
4617523
4617532
4621357
4621537
4621573
4623157
4623517
4623571
4625137
4625317
4627513
4627531
4631257
4631275
4631527
4631572
4631725
4631752
4632157
4632175
4632517
4632571
4632715
4632751
4635127
4635172
4635217
4635271
4635712
4635721
4637125
4637152
4637215
4637251
4637512
4637521
4651237
4651327
4652137
4652317
4653127
4653217
4671523
4671532
4672513
4672531
4673512
4673521
4712365
4712536
4712563
4713265
4713526
4713562
4715263
4715362
4716523
4716532
4721365
4721536
4721563
4723165
4723516
4723561
4725163
4725361
4726513
4726531
4731256
4731265
4731526
4731562
4731625
4731652
4732156
4732165
4732516
4732561
4732615
4732651
4735126
4735162
4735216
4735261
4735612
4735621
4736125
4736152
4736215
4736251
4736512
4736521
4751263
4751362
4752163
4752361
4753162
4753261
4761523
4761532
4762513
4762531
4763512
4763521
} 411

5123467
5123647
5123764
5124367
5124376
5124637
5124673
5124736
5124763
5126347
5126437
5127364
5127463
5132467
5132476
5132647
5132674
5132746
5132764
5134267
5134276
5134627
5134672
5134726
5134762
5136247
5136274
5136427
5136472
5136724
5136742
5137246
5137264
5137426
5137462
5137624
5137642
5142367
5142637
5142763
5143267
5143627
5143762
5146237
5146327
5147263
5147362
5162347
5162437
5163247
5163427
5164237
5164273
5164327
5164372
5164723
5164732
5172364
5172463
5173264
5173462
5174236
5174263
5174326
5174362
5174623
5174632
5213467
5213476
5213647
5213674
5213746
5213764
5214367
5214376
5214637
5214673
5214736
5214763
5216347
5216374
5216437
5216473
5216734
5216743
5217346
5217364
5217436
5217463
5217634
5217643
5231467
5231476
5231647
5231674
5231746
5231764
5234167
5234176
5234617
5234671
5234716
5234761
5236147
5236174
5236417
5236471
5236714
5236741
5237146
5237164
5237416
5237461
5237614
5237641
5241367
5241376
5241637
5241673
5241736
5241763
5243167
5243176
5243617
5243671
5243716
5243761
5246137
5246173
5246317
5246371
5246713
5246731
5247136
5247163
5247316
5247361
5247613
5247631
5261347
5261374
5261437
5261473
5261734
5261743
5263147
5263174
5263417
5263471
5263714
5263741
5264137
5264173
5264317
5264371
5264713
5264731
5267134
5267143
5267314
5267341
5267413
5267431
5271346
5271364
5271436
5271463
5271634
5271643
5273146
5273164
5273416
5273461
5273614
5273641
5274136
5274163
5274316
5274361
5274613
5274631
5276134
5276143
5276314
5276341
5276413
5276431
5312467
5312647
5312764
5314267
5314276
5314627
5314672
5314726
5314762
5316247
5316427
5317264
5317462
5321467
5321647
5321764
5324167
5324176
5324617
5324671
5324716
5324761
5326147
5326417
5327164
5327461
5341267
5341627
5341762
5342167
5342617
5342761
5346127
5346217
5347162
5347261
5361247
5361427
5362147
5362417
5364127
5364172
5364217
5364271
5364712
5364721
5371264
5371462
5372164
5372461
5374126
5374162
5374216
5374261
5374612
5374621
5412367
5412637
5412763
5413267
5413627
5413762
5416237
5416327
5417263
5417362
5421367
5421637
5421763
5423167
5423617
5423761
5426137
5426317
5427163
5427361
5431267
5431276
5431627
5431672
5431726
5431762
5432167
5432176
5432617
5432671
5432716
5432761
5436127
5436172
5436217
5436271
5436712
5436721
5437126
5437162
5437216
5437261
5437612
5437621
5461237
5461327
5462137
5462317
5463127
5463217
5471263
5471362
5472163
5472361
5473162
5473261
5612347
5612437
5613247
5613427
5614237
5614273
5614327
5614372
5614723
5614732
5621347
5621437
5623147
5623417
5624137
5624173
5624317
5624371
5624713
5624731
5631247
5631274
5631427
5631472
5631724
5631742
5632147
5632174
5632417
5632471
5632714
5632741
5634127
5634172
5634217
5634271
5634712
5634721
5637124
5637142
5637214
5637241
5637412
5637421
5641237
5641327
5642137
5642317
5643127
5643217
5674123
5674132
5674213
5674231
5674312
5674321
5712364
5712463
5713264
5713462
5714236
5714263
5714326
5714362
5714623
5714632
5721364
5721463
5723164
5723461
5724136
5724163
5724316
5724361
5724613
5724631
5731246
5731264
5731426
5731462
5731624
5731642
5732146
5732164
5732416
5732461
5732614
5732641
5734126
5734162
5734216
5734261
5734612
5734621
5736124
5736142
5736214
5736241
5736412
5736421
5741263
5741362
5742163
5742361
5743162
5743261
5764123
5764132
5764213
5764231
5764312
5764321
} 411

6123457
6123547
6123574
6124357
6124375
6124537
6124573
6124735
6124753
6125347
6125437
6127534
6127543
6132457
6132475
6132547
6132574
6132745
6132754
6134257
6134275
6134527
6134572
6134725
6134752
6135247
6135274
6135427
6135472
6135724
6135742
6137245
6137254
6137425
6137452
6137524
6137542
6142357
6142537
6142573
6143257
6143527
6143572
6145237
6145327
6147523
6147532
6152347
6152437
6153247
6153427
6154237
6154273
6154327
6154372
6154723
6154732
6172534
6172543
6173524
6173542
6174235
6174253
6174325
6174352
6174523
6174532
6213457
6213475
6213547
6213574
6213745
6213754
6214357
6214375
6214537
6214573
6214735
6214753
6215347
6215374
6215437
6215473
6215734
6215743
6217345
6217354
6217435
6217453
6217534
6217543
6231457
6231475
6231547
6231574
6231745
6231754
6234157
6234175
6234517
6234571
6234715
6234751
6235147
6235174
6235417
6235471
6235714
6235741
6237145
6237154
6237415
6237451
6237514
6237541
6241357
6241375
6241537
6241573
6241735
6241753
6243157
6243175
6243517
6243571
6243715
6243751
6245137
6245173
6245317
6245371
6245713
6245731
6247135
6247153
6247315
6247351
6247513
6247531
6251347
6251374
6251437
6251473
6251734
6251743
6253147
6253174
6253417
6253471
6253714
6253741
6254137
6254173
6254317
6254371
6254713
6254731
6257134
6257143
6257314
6257341
6257413
6257431
6271345
6271354
6271435
6271453
6271534
6271543
6273145
6273154
6273415
6273451
6273514
6273541
6274135
6274153
6274315
6274351
6274513
6274531
6275134
6275143
6275314
6275341
6275413
6275431
6312457
6312547
6312574
6314257
6314275
6314527
6314572
6314725
6314752
6315247
6315427
6317524
6317542
6321457
6321547
6321574
6324157
6324175
6324517
6324571
6324715
6324751
6325147
6325417
6327514
6327541
6341257
6341527
6341572
6342157
6342517
6342571
6345127
6345217
6347512
6347521
6351247
6351427
6352147
6352417
6354127
6354172
6354217
6354271
6354712
6354721
6371524
6371542
6372514
6372541
6374125
6374152
6374215
6374251
6374512
6374521
6412357
6412537
6412573
6413257
6413527
6413572
6415237
6415327
6417523
6417532
6421357
6421537
6421573
6423157
6423517
6423571
6425137
6425317
6427513
6427531
6431257
6431275
6431527
6431572
6431725
6431752
6432157
6432175
6432517
6432571
6432715
6432751
6435127
6435172
6435217
6435271
6435712
6435721
6437125
6437152
6437215
6437251
6437512
6437521
6451237
6451327
6452137
6452317
6453127
6453217
6471523
6471532
6472513
6472531
6473512
6473521
6512347
6512437
6513247
6513427
6514237
6514273
6514327
6514372
6514723
6514732
6521347
6521437
6523147
6523417
6524137
6524173
6524317
6524371
6524713
6524731
6531247
6531274
6531427
6531472
6531724
6531742
6532147
6532174
6532417
6532471
6532714
6532741
6534127
6534172
6534217
6534271
6534712
6534721
6537124
6537142
6537214
6537241
6537412
6537421
6541237
6541327
6542137
6542317
6543127
6543217
6574123
6574132
6574213
6574231
6574312
6574321
6712534
6712543
6713524
6713542
6714235
6714253
6714325
6714352
6714523
6714532
6721534
6721543
6723514
6723541
6724135
6724153
6724315
6724351
6724513
6724531
6731245
6731254
6731425
6731452
6731524
6731542
6732145
6732154
6732415
6732451
6732514
6732541
6734125
6734152
6734215
6734251
6734512
6734521
6735124
6735142
6735214
6735241
6735412
6735421
6741523
6741532
6742513
6742531
6743512
6743521
6754123
6754132
6754213
6754231
6754312
6754321
} 411

7123465
7123546
7123564
7124356
7124365
7124536
7124563
7124635
7124653
7125364
7125463
7126534
7126543
7132456
7132465
7132546
7132564
7132645
7132654
7134256
7134265
7134526
7134562
7134625
7134652
7135246
7135264
7135426
7135462
7135624
7135642
7136245
7136254
7136425
7136452
7136524
7136542
7142365
7142536
7142563
7143265
7143526
7143562
7145263
7145362
7146523
7146532
7152364
7152463
7153264
7153462
7154236
7154263
7154326
7154362
7154623
7154632
7162534
7162543
7163524
7163542
7164235
7164253
7164325
7164352
7164523
7164532
7213456
7213465
7213546
7213564
7213645
7213654
7214356
7214365
7214536
7214563
7214635
7214653
7215346
7215364
7215436
7215463
7215634
7215643
7216345
7216354
7216435
7216453
7216534
7216543
7231456
7231465
7231546
7231564
7231645
7231654
7234156
7234165
7234516
7234561
7234615
7234651
7235146
7235164
7235416
7235461
7235614
7235641
7236145
7236154
7236415
7236451
7236514
7236541
7241356
7241365
7241536
7241563
7241635
7241653
7243156
7243165
7243516
7243561
7243615
7243651
7245136
7245163
7245316
7245361
7245613
7245631
7246135
7246153
7246315
7246351
7246513
7246531
7251346
7251364
7251436
7251463
7251634
7251643
7253146
7253164
7253416
7253461
7253614
7253641
7254136
7254163
7254316
7254361
7254613
7254631
7256134
7256143
7256314
7256341
7256413
7256431
7261345
7261354
7261435
7261453
7261534
7261543
7263145
7263154
7263415
7263451
7263514
7263541
7264135
7264153
7264315
7264351
7264513
7264531
7265134
7265143
7265314
7265341
7265413
7265431
7312465
7312546
7312564
7314256
7314265
7314526
7314562
7314625
7314652
7315264
7315462
7316524
7316542
7321465
7321546
7321564
7324156
7324165
7324516
7324561
7324615
7324651
7325164
7325461
7326514
7326541
7341265
7341526
7341562
7342165
7342516
7342561
7345162
7345261
7346512
7346521
7351264
7351462
7352164
7352461
7354126
7354162
7354216
7354261
7354612
7354621
7361524
7361542
7362514
7362541
7364125
7364152
7364215
7364251
7364512
7364521
7412365
7412536
7412563
7413265
7413526
7413562
7415263
7415362
7416523
7416532
7421365
7421536
7421563
7423165
7423516
7423561
7425163
7425361
7426513
7426531
7431256
7431265
7431526
7431562
7431625
7431652
7432156
7432165
7432516
7432561
7432615
7432651
7435126
7435162
7435216
7435261
7435612
7435621
7436125
7436152
7436215
7436251
7436512
7436521
7451263
7451362
7452163
7452361
7453162
7453261
7461523
7461532
7462513
7462531
7463512
7463521
7512364
7512463
7513264
7513462
7514236
7514263
7514326
7514362
7514623
7514632
7521364
7521463
7523164
7523461
7524136
7524163
7524316
7524361
7524613
7524631
7531246
7531264
7531426
7531462
7531624
7531642
7532146
7532164
7532416
7532461
7532614
7532641
7534126
7534162
7534216
7534261
7534612
7534621
7536124
7536142
7536214
7536241
7536412
7536421
7541263
7541362
7542163
7542361
7543162
7543261
7564123
7564132
7564213
7564231
7564312
7564321
7612534
7612543
7613524
7613542
7614235
7614253
7614325
7614352
7614523
7614532
7621534
7621543
7623514
7623541
7624135
7624153
7624315
7624351
7624513
7624531
7631245
7631254
7631425
7631452
7631524
7631542
7632145
7632154
7632415
7632451
7632514
7632541
7634125
7634152
7634215
7634251
7634512
7634521
7635124
7635142
7635214
7635241
7635412
7635421
7641523
7641532
7642513
7642531
7643512
7643521
7654123
7654132
7654213
7654231
7654312
7654321
} 411
